* C:\Users\vasko\Documents\GitHub\PPE\BT\BT-CE-SWITCH-TOFF.mout
toff=1.76751e-006 FROM 5.02e-006 TO 6.78751e-006
ton=2.45245e-008 FROM 1.502e-005 TO 1.50445e-005
